-0.0028802334488479426
-0.04360926119835079
7.074692832239384e-05
0.008946121117182156
3.766240174213781e-06
-1.0941911242507696
718.856
0
0
-0.00549259637870946
-0.0453042092766797
-0.0037968334698402235
0.02248740577338736
-0.024895802407155755
-1.1229409961648653
718.856
0
0
-0.004278189629064851
-0.04547330700441944
0.0007339985325376205
-0.016785239712584596
0.015733231939212937
-1.1389886659679072
718.856
0
0
-0.003008855390626474
-0.04651023435332069
0.0024766477696051047
0.019375652803491142
-0.0113458384860273
-1.1766572394701857
718.856
0
0
-0.00021789494284290002
-0.046246678731204256
-0.0018247140541309667
-0.019556826829001197
0.0076454212380638095
-1.0986510429837348
718.856
0
0
-0.001649567004989602
-0.04708175187492641
-0.00024293316593351324
0.02400668810731923
0.003453602949909507
-1.1005183417672022
718.856
0
0
-0.002931331989889827
-0.04586153304755469
-0.0027421867497023147
0.008230798222715403
0.008232780962394654
-1.076025334756109
718.856
0
0
-0.0020629555508626532
-0.04479846535266058
-0.002016399166271327
-0.007021600164810754
0.009181233036935518
-1.059614823531595
718.856
0
0
-0.0013986203931636645
-0.04593674704680222
0.0005748159169640428
0.013217293382793708
0.0035060881939863254
-1.05469326262479
718.856
0
0
0.0006732804911155507
-0.04702423817602521
0.0005228768106013186
0.023978062116770678
0.010078469063548859
-1.062690211658468
718.856
0
0
4.170137914162897e-05
-0.04769781777755528
0.0009400190865684538
0.009857863828897816
0.010345713123484025
-1.074617414144922
718.856
0
0
0.0005590553234274752
-0.04783433007521152
0.0010306901305446618
0.012350260051770439
0.02105940401638531
-1.0205514445438606
718.856
0
0
-0.0006593442495265537
-0.04734557264039911
-0.00016261472681318925
0.011336844426745454
0.02051444958725772
-1.0399150791305378
718.856
0
0
-0.0004945115601545626
-0.046650305083776086
-0.0022110536053985973
-0.0027100547132701586
0.016193185182222472
-1.0292402263400202
718.856
0
0
-0.0021215404039686336
-0.045114053269777084
-0.0011005615368552407
-0.023974435219481845
-0.00086646503828989
-1.0610781199558323
718.856
0
0
-0.0006214084829754254
-0.04676400487501748
-0.0043600682181462
0.035784701468466865
-0.003856298946516019
-1.1498748696358416
718.856
0
0
-0.0023800326144754196
-0.04779916145507413
0.0008983263450767666
0.06755728691368408
-0.06560844988707318
-0.9180065212257166
718.856
0
0
-0.0026095637568689413
-0.048019583457528686
-0.0003430782092021802
0.09361544216338195
-0.004416319996225881
-1.1947980054071068
718.856
0
0
-0.0020495200839256177
-0.04733798113355318
-0.003319175657589086
0.024095169743249233
-0.002446662902030297
-1.0581859658450457
718.856
0
0
-0.0019046401548671382
-0.04762048599633858
0.001823192655505162
0.04478929418251819
0.0031002519847671377
-1.0819040589376714
718.856
0
0
-0.003640610523416189
-0.04761597350480823
-0.0012034835630140156
0.07799408491635325
-0.018009291305499064
-1.1341167045300924
718.856
0
0
-0.0040233140601286035
-0.046502617763520805
-0.0030335642747470514
0.019480971633568947
0.021863755435051088
-1.063099747727379
718.856
0
0
-0.0015548689757024646
-0.04525147434775946
-0.00037818373110427275
0.006039247256607958
0.0036760341105714074
-1.0466423706834838
718.856
0
0
-0.00018681237791828156
-0.042572382920509896
-0.003689975917404423
-0.07224868226151324
0.011579355028147971
-1.2004089445168769
718.856
0
0
-0.0009994762811049154
-0.039973955706146855
-0.0029076959547370317
-0.028695291338620404
-0.01559701792191247
-1.1175814869652763
718.856
0
0
-0.0029542931650252085
-0.03758895166524103
-0.0005091962916618935
-0.030488437804873793
-0.0007164782196415698
-1.145084185198654
718.856
0
0
0.00025625033618739126
-0.03513735434231605
-0.00012555428711334804
0.021490062944117195
-0.028647686045790564
-1.2968285278760363
718.856
0
0
0.0009925561752895484
-0.03448292911026332
-0.0018436595005283701
-0.024265194048230704
-0.015255642875095307
-1.1419209710780343
718.856
0
0
-0.00044890632964491613
-0.03456245743847126
0.0002591509180581824
0.031182195629698574
-0.012570543331930386
-1.2045820362414714
718.856
0
0
-0.002645131891813389
-0.03335321883142658
0.003035361231727085
0.011256292456873308
-0.009708978658365964
-1.0798040619437739
718.856
0
0
-0.0018905557810376652
-0.03167360354133902
0.0004274750778287315
0.017129429606605854
-0.02293755212460337
-1.1491055738437148
718.856
0
0
-0.0007908790712438188
-0.030670645279883564
-0.0011813116303652318
0.000950804091279401
-0.011897337055054033
-1.1487680684808286
718.856
0
0
-0.00032499599613159785
-0.031020833102005475
-0.0010449918218387608
0.015727195651816343
-0.0232431904299889
-1.1763042075945744
718.856
0
0
0.0009029794346507211
-0.030888649061667366
0.002009737773370187
0.042428040780102996
0.002637939077872767
-1.1876003379685407
718.856
0
0
-8.347006871372809e-05
-0.029538896501484488
1.652462756118855e-05
0.025220465659048518
-0.015179999458768622
-1.187428620463786
718.856
0
0
-0.000546381654007744
-0.02756640272635252
-0.0022694404093413713
0.05190165074583677
-0.005497549217463199
-1.2303195805993823
718.856
0
0
-0.0009880288340622777
-0.026004807289628517
-0.0033830248023710248
0.055440065250630756
-0.013535401340401987
-1.2734943773343073
718.856
0
0
-0.0006271850293558727
-0.022967164992511852
-0.003415443104096163
0.027753990452575966
-0.0072505753400258655
-1.2655896073616142
718.856
0
0
0.00011350516871164689
-0.02087669575203613
-0.004871987308621202
0.042077205279860974
-0.004539694055043122
-1.2827009487375756
718.856
0
0
0.0008269027904112881
-0.017856614468811222
-0.0035052933754934606
0.023996628669730992
-0.000722035575981702
-1.2591214869690883
718.856
0
0
4.405191510695236e-05
-0.015859621929300644
-0.0022806448441336016
0.0015926909485115186
0.0027047786176245185
-1.3112878777154398
718.856
0
0
0.0007692356949670064
-0.014810238685080074
-0.0014176343226001017
0.01936347842354911
0.0007270585276871969
-1.305861342675271
718.856
0
0
0.0013039717867398468
-0.013789371940276749
0.0010150214022225633
0.01438444163174181
0.007703570172152388
-1.3156778398729014
718.856
0
0
-0.0001021417042772975
-0.012458529833247165
0.0007919472395371675
0.023262232048606918
0.0005832138780568141
-1.2728441404574895
718.856
0
0
-0.0029340729727757833
-0.011678092795238277
0.0009269227372038875
0.020626875345342605
-0.008144437114537533
-1.2727222791944475
718.856
0
0
-0.003251288892448693
-0.010443157047713569
0.00037440446343677626
0.01478359647447495
0.0018222763986684143
-1.3145759961684642
718.856
0
0
-0.002229787398928664
-0.00964993414880365
-0.0008021193590373839
0.023722268770154636
0.00167023507696809
-1.2994964869877608
718.856
0
0
-0.0011278211639768306
-0.008094388678372507
0.0011146132385660278
0.028670440192168
-0.004972742157238132
-1.3506816570028706
718.856
0
0
-0.0006405265013114024
-0.0060458587679894414
0.001098518470759031
0.015401170439192981
-0.003216841952437834
-1.3552517825002088
718.856
0
0
-0.0011964663873309258
-0.0042532359178326816
-0.0006494477463135316
-0.06439848951417133
0.013064682334282821
-1.4340827044848055
718.856
0
0
