0.025635559632152628,-1.2476257248127023
0.041628146972594246,-2.4686721976383335
0.051208921976432994,-3.6906348186606155
0.0682152194100748,-4.915079783917127
0.09053700791849704,-6.136627382933186
0.10795329114253563,-7.37162236577562
0.12826973252369822,-8.608754799067482
0.15395273424331993,-9.820571429940799
0.17878889130922795,-11.036149537442714
0.2119363485936581,-12.265856200949518
0.23912288364174486,-13.491008206101386
0.2687657986953287,-14.71811570441893
0.30004925653524867,-15.94861021248714
0.31810604977187684,-17.17283490304155
0.33778455964204435,-18.389090870044452
0.34109800646950145,-19.654985072645687
0.35608138017230767,-20.89765110235891
0.37568409046902684,-22.123824402034273
0.3932397662974216,-23.361705621040958
0.40438868978460973,-24.58529658138287
0.42199514931558774,-25.808121920891896
0.43705079679363346,-27.039761044319565
0.45171880522080204,-28.272248046581975
0.4580720156888274,-29.5212564025129
0.4658947237375929,-30.752301451017168
0.4827688443643971,-31.9977747668415
0.4999263249463571,-33.24462852744731
0.5228635506972651,-34.462768048746995
0.5395367441870406,-35.70565370982939
0.5635028598391195,-36.95631909132769
0.5819584377658388,-38.17883153606933
0.5987625322719803,-39.39841524762392
0.6026475448666683,-40.64386471462155
0.6208872998257118,-41.87140093754124
0.6389134559567875,-43.129286305227986
0.6578914684303999,-44.36480770003429
0.6806001286494662,-45.59818813570377
0.6975315258248017,-46.835589983795586
0.7128220423618823,-48.05661683591446
0.7381206083976565,-49.302649690647556
0.7638959156603451,-50.5309966052489
0.7836424214332062,-51.75599232219094
0.8087650613217242,-52.98125985956519
0.8311874722670023,-54.222019124086636
0.8584464938179468,-55.45453358693103
0.886760782142544,-56.68748210999794
0.926168310232129,-57.93976188580782
0.9461167441142376,-59.18261921025493
0.9735855260864539,-60.41049887176788
1.000862918515356,-61.63214860124683
1.0321704116488806,-62.86371135537908
1.0700694944598768,-64.10714996451465
1.1060214141684952,-65.35438403988003
1.1354401064347808,-66.58810199000696
1.1715817901700027,-67.80835281298548
1.191697362905358,-69.04420838742878
1.2274583714204712,-70.28080605378884
1.2578829601034154,-71.50925541056584
1.2936474550394503,-72.71908680090029
1.3290268997764279,-73.92835772888283
1.35640024059321,-75.14074166948198
1.38258123823023,-76.36075936005038
1.4140733862229038,-77.5762170348681
1.4458161640809464,-78.78958282070192
1.48832100695607,-79.98714722126968
1.367476146341122,-80.70081119789332
1.3900921207021595,-81.90898529664194
1.4247680962703626,-83.09516538260337
1.4773650653053267,-84.2732052310715
1.5381766308252165,-85.46702875634193
1.598081967979132,-86.62798125047622
1.6774892804910502,-87.82530111198828
1.7595634748188071,-89.01263652993129
1.8403569930049055,-90.19896791069097
1.9290048737404548,-91.37896308121647
2.0085656829710983,-92.56930072698522
2.0925006712980716,-93.75182499120953
2.1790990613690764,-94.93858766820884
2.2597709705973963,-96.1403125007551
2.3471374183768194,-97.31851207668015
2.4226620300588815,-98.52817225730175
2.5144506078120448,-99.74657818136492
2.6171112969044654,-100.97928926169199
2.7112694069560015,-102.2000789273406
2.8062482359579475,-103.45359689493921
2.9083225358806137,-104.71967572809653
3.0120886871747365,-105.96990296489594
3.1049786875370757,-107.23484073383803
3.2058205522435856,-108.48998969941259
3.3090340859698295,-109.74776613596109
3.4062195414122822,-111.00593982593487
3.5017734614704255,-112.24357508481314
3.5952189618445125,-113.486840898711
3.677771907747201,-114.72989874616452
3.7542554617807093,-115.98451065875248
3.834142131866406,-117.2372330208037
3.903275136927214,-118.51835166513455
3.963452860193504,-119.80453350658294
4.013778373136975,-121.10589983175389
4.061521764303732,-122.37659777878778
4.089194156155939,-123.64861981223977
4.12948710284283,-124.94571144414758
4.172462722449673,-126.22070354190507
4.213159893957195,-127.51159705635298
4.255077130820427,-128.81241891247933
4.28942269871623,-130.10370585699417
4.327878985050697,-131.41608361381765
4.372371754531695,-132.76350808527312
4.406134964718147,-134.10758038272155
4.446151715067273,-135.4246356272605
4.4907070666439814,-136.76511028321568
4.541535275341832,-138.09773931593693
4.580450318236011,-139.39549375235498
4.605703650527384,-140.69136737038252
4.642868514062171,-141.99600570665015
4.675797074682182,-143.30259860574506
4.709848926123036,-144.60968169387198
4.755053142125598,-145.89392628557968
4.8091970974809595,-147.21897810274064
4.854531116350014,-148.4902670505389
4.883665852771619,-149.83908320813356
4.922997335418992,-151.14376910281058
4.986969062715959,-152.45047309464618
5.032721785227114,-153.74952411856287
5.085748313100668,-155.08337138633996
5.12841005723007,-156.38854587899573
5.170678881851855,-157.71288257062116
5.215184744168431,-159.0293477777661
5.264364956799149,-160.3639757680997
5.306191306335261,-161.6694087436939
5.353342571354317,-162.96761446201253
5.39051461457397,-164.29069120879757
5.4309028409989555,-165.59074896441695
5.482726919707618,-166.87514317989672
5.527497171793879,-168.17967368759784
5.568243770361407,-169.45432278445583
5.601149994259393,-170.74680796368182
5.639427106864012,-172.06132587452586
5.672777767104091,-173.34945885501045
5.725028920849447,-174.67381642970093
5.758082767028177,-175.9742089853757
5.79813862366573,-177.26423645436108
5.834647375437606,-178.56915099119476
5.881072408938373,-179.8606445729845
5.918152335599941,-181.14731550800118
5.9597915771593115,-182.46971392492037
6.005866056771111,-183.76871298371634
6.02413099195588,-185.0945888150799
6.047628777586241,-186.39315046357882
6.090600810187889,-187.6966332443327
6.119046049404769,-188.99905591453904
6.148270878563571,-190.29272375623958
6.188192976049585,-191.5657425514605
6.2202663563470155,-192.82128530535334
6.2710519099027895,-194.09696133857116
6.306229033501024,-195.3627153901635
6.344491196830455,-196.65055531737215
6.398735671359733,-197.92235748587876
6.442437162307985,-199.18662520403518
6.476544342930098,-200.4523043667016
6.514390769700186,-201.7052033970673
6.5562257571070015,-202.9624669309926
6.600369345834959,-204.20229037887214
6.658339524922756,-205.46577398562044
6.7216192568362025,-206.68930743613427
6.762583211702532,-207.9489103011846
6.8150464322299324,-209.15554792855352
6.859963502148131,-210.3836659848009
6.915414325749985,-211.61440112268727
6.97285937044564,-212.81651096134678
7.02135953420172,-214.01148315619892
7.071592905544581,-215.20412313718742
7.126924464070333,-216.36497522146357
7.172781831980365,-217.51442631498094
7.216410651050685,-218.65291728862817
7.273769312499555,-219.7793130546522
7.321909459449405,-220.8753269735047
7.365742166251266,-221.96434340820142
7.406287742514872,-223.04482946893035
7.443883569834024,-224.12729339634228
7.481398592679298,-225.21376309438537
7.522560072751079,-226.28320586368469
7.553136805578665,-227.3172648615422
7.577489553056731,-228.3374454456235
7.605237424948322,-229.31658809873747
7.628847326590393,-230.27041567350878
7.6468320564214585,-231.20417008141442
7.65850574523936,-232.1027944326533
7.671572336806164,-232.97942188584426
7.683107579733069,-233.8340717628133
7.693756501300034,-234.6639909309345
7.707952202675323,-235.4846932446
7.717128715325585,-236.28889906840413
7.72540787734983,-237.0608583124909
7.738252151016438,-237.82136169257916
7.747086371535454,-238.57398875709129
7.750886458965882,-239.31473422861026
7.762794103986511,-240.05046288931186
7.761645171992356,-240.79839774642062
7.771633139799397,-241.5325886619671
7.787461330567238,-242.2590874970421
7.801677261698447,-242.99169516429754
7.817102323453533,-243.7345781178059
7.841755433804149,-244.46448779387038
7.844809143273243,-245.19315231084659
7.854233466769509,-245.92096107945062
7.869023383912513,-246.6500835000762
7.888700212923288,-247.35644137529016
7.911018844704916,-248.06532922478925
7.949911307000402,-248.77537944676263
7.982635874386502,-249.5041185441427
8.016957541456678,-250.21656726027152
8.057910162133732,-250.92213180055404
8.09674570180684,-251.645803415516
8.134251031264897,-252.36703337737518
8.174887567585822,-253.09003238879592
8.220226951436711,-253.81170874840305
8.294001448680325,-254.56349605198474
8.349042337790925,-255.29144655427584
8.38857147791425,-256.03589876711567
8.420646523788623,-256.8044473033606
8.428547600244668,-257.53131195316445
8.47358906205672,-258.2854724062603
8.426574906938885,-258.9611521282728
8.47795265634428,-259.72827431746754
8.546437758486242,-260.5106998495869
8.625505996654548,-261.30760536251626
8.672362786680546,-262.1158710516735
8.727621599924076,-262.9170787158563
8.79135529454113,-263.72550357407926
8.853769626814904,-264.55368190378516
8.923643110502907,-265.3955518670217
8.99054229360885,-266.2353426140646
9.060410446062672,-267.09270196724214
9.140692739121764,-267.9655909225871
9.223944045053752,-268.8178848131838
9.27975701547042,-269.6976419946655
9.342328388260926,-270.5747323954568
9.426974804562024,-271.4397481652762
9.477581942782615,-272.3387279319049
9.574547649420355,-273.1843917696614
9.67621395130445,-274.02196444862005
9.76741814077648,-274.893741491052
9.85371616982476,-275.7528255718809
9.943121266552724,-276.62161779562314
10.034964707965338,-277.5027087290298
10.12811127070231,-278.38387321917764
10.227604735173461,-279.25385763198176
10.33692891958895,-280.1051524855468
10.434863955655066,-280.9704406953734
10.528882044260806,-281.8348782501481
10.634009421747646,-282.6956152707877
10.742239332027372,-283.5434603039931
10.840652164634134,-284.4100052299479
10.93191126312655,-285.2811004108783
11.007227807789768,-286.1337621787239
11.082798929707497,-287.0152188645964
11.177586874560559,-287.86977749740385
11.279975525822225,-288.6893929675609
11.369197849584905,-289.5182177675204
11.444829320999107,-290.34981237716545
11.523064050033616,-291.1554365414744
11.619170735046076,-291.90858203651044
11.68839938844734,-292.6809581724493
11.766381103285482,-293.44004279246445
11.820818611616787,-294.1945247771459
11.783950836901958,-294.9426347828553
11.868897252262574,-295.6512903501179
11.923387377706021,-296.33742681521073
11.982111742163063,-297.0138135385075
12.01578320903433,-297.6842381210535
12.036835798514295,-298.3428175915027
12.065595505725748,-298.9832882370239
12.089885378090791,-299.60628440268044
12.095648265186979,-300.23073730852474
12.08710402481081,-300.8419786764926
12.060313975211102,-301.43743659514206
11.998331224187726,-302.0242775984699
11.919563726854511,-302.60245659547627
11.834782874528257,-303.15889623084365
11.708069113387856,-303.6968132036104
11.58699156155868,-304.2404412732324
11.444050927601717,-304.76773063267274
11.277539310879211,-305.22826275885296
11.050803550511283,-305.71513151865145
10.829782819676632,-306.19541032093446
10.582826135034013,-306.6653992312431
10.336241829477688,-307.0970911146925
10.096136855887016,-307.52952490316284
9.828406470208428,-307.9398760981166
9.65127944737355,-308.3619792406356
9.369606177946366,-308.7525437382933
9.051891091257684,-309.0607126635412
8.741106268256178,-309.40705937637244
8.41615580436176,-309.72505153657363
8.081902796472246,-310.02079208657096
7.764307526996664,-310.3825518474825
7.406753120020972,-310.60168186127095
7.043048519874179,-310.78464707917647
6.668076596750041,-310.9382659437907
6.274769234611741,-311.0555781572623
5.88697770997902,-311.03648339157013
5.450780227765324,-311.1195045333556
5.0044511414764905,-311.1610520806469
4.5302051390115805,-311.1772999752062
4.036192758624615,-311.1676453514948
3.5288501520038547,-311.1170130608371
3.017525125284313,-311.0185595776868
2.50141573017437,-310.8958044399505
1.9740766163812686,-310.63849537789775
1.4577265374515318,-310.4258136748559
0.9289438304456483,-310.1804778873153
0.40314238955000115,-309.90683307201977
-0.11225318565839959,-309.62570831227043
-0.6295823296667924,-309.27004506671017
-1.1449418738693073,-308.8243781173125
-1.6694213259434099,-308.37341512916447
-2.1946904762733026,-307.88127036412146
-2.7174068152055426,-307.32173436573936
-3.2110491199931275,-306.75500001033214
-3.701798451997341,-306.13835530896114
-4.1783120750574065,-305.4603169105817
-4.6366293616725915,-304.78073513039027
-5.090064746436403,-304.0494652670378
-5.5271311471919375,-303.28484379656106
-5.934971079723482,-302.48538821665267
-6.311906937625734,-301.64064732899334
-6.665351441687274,-300.76709164306016
-6.990161653610919,-299.84482511071826
-7.297477866997691,-298.8962786887114
-7.5658974062454725,-297.90801738509197
-7.8075271743883725,-296.88720025322544
-8.012004221994207,-295.8483573070231
-8.197385291774395,-294.7690629419304
-8.340660612095766,-293.6879571720366
-8.453051114129476,-292.5611215402777
-8.556958565000164,-291.38730183385604
-8.620817015211262,-290.2236773369146
-8.656646716096569,-289.02520005619516
-8.685405255637539,-287.81813286519525
-8.68044571769857,-286.5512229309421
-8.677581916431295,-285.2909279584491
-8.64476797456426,-283.98744168524905
-8.631510334729942,-282.65877620681545
-8.586931286322576,-281.31577266235547
-8.552783302599796,-279.9765657503123
-8.516116912633965,-278.6048112395686
-8.474457757487102,-277.2868541525253
-8.449533780277081,-275.8966527217561
-8.441423909232594,-274.5102727273337
-8.437851097193764,-273.1314052401003
-8.437507142468867,-271.75868021725586
-8.419071940951905,-270.3184124437291
-8.411707181113238,-268.91823779620114
-8.392717858394565,-267.50094171240835
-8.407175129354714,-266.0632244873167
-8.439233740910783,-264.6119080565836
-8.474846534957772,-263.2048531139358
-8.515245929105305,-261.794638469541
-8.58488932754215,-260.34173030826383
-8.615771073342922,-258.953180797896
-8.690681391983498,-257.4767824010923
-8.760935488938937,-256.0394248359621
-8.819830214138431,-254.58027254055764
-8.87501176431227,-253.15979317463447
-8.930663666846685,-251.7544929055841
-8.976794503538018,-250.3449024410406
-9.015192258246381,-248.88534206837423
-9.064201055124924,-247.420766774452
-9.11403386896956,-245.91075680778818
-9.159401979629855,-244.4667504536161
-9.22406145891469,-242.99062971494934
-9.282386949636978,-241.54835988327727
-9.336940787775779,-240.10529829840024
-9.388887818790009,-238.64495069999543
-9.438421488304188,-237.19353604452508
-9.484387951851668,-235.70729678067937
-9.519064544501218,-234.24072969737668
-9.572732857377583,-232.76250354952919
-9.62491265721066,-231.2829545946798
-9.685479362236702,-229.81528255632116
-9.732572568249552,-228.34387948700544
-9.788820533879028,-226.87510657334988
-9.840190178788541,-225.37557471047063
-9.901786932347283,-223.8594358175108
-9.960084641449326,-222.35745772127783
-10.019843972987541,-220.8830327823678
-10.079059811596288,-219.4510270600661
-10.132095035235432,-217.95642694550008
-10.18952902392102,-216.45541398967316
-10.250076355764621,-214.95576207912376
-10.32971144323137,-213.4738414324668
-10.39542934051952,-211.98387212553524
-10.440175567360155,-210.4856555438973
-10.484480186693768,-208.95508335783745
-10.521629302095898,-207.40716120212403
-10.555884274266637,-205.8910071489554
-10.588307127595789,-204.36158368891304
-10.654233931260006,-202.84211252620509
-10.728623873955996,-201.2976546441123
-10.803516439861045,-199.80772465982778
-10.86964690444158,-198.31450244654746
-10.931888376006636,-196.8419380697284
-11.010767197963437,-195.34254830467992
-11.081815930092386,-193.86613504702905
-11.152247918797677,-192.39729589523964
-11.219739986081656,-190.91958871988666
-11.281590503727065,-189.45026113666052
-11.360075384757,-188.01990106542087
-11.466826974161624,-186.60850575254295
-11.571202187235475,-185.19253981218037
-11.661314512468483,-183.72068820107745
-11.763245097468904,-182.28013556946803
-11.852134156364066,-180.8663528130626
-11.965326116832454,-179.4613326912854
-12.070834686565787,-178.05984726130444
-12.175309846186893,-176.6856119750157
-12.276306100512414,-175.33122710385945
-12.376907539411292,-174.00991156389819
-12.476996720553812,-172.70997393300513
-12.592212438190385,-171.40959618333574
-12.70945197790196,-170.1278396491942
-12.81839108134833,-168.90093432489118
-12.92508836546606,-167.66808207660364
-13.030032410962974,-166.46957031279015
-13.133770430283635,-165.29469235465922
-13.24778924768825,-164.1325310417783
-13.343746814711455,-162.98600729842545
-13.435028258052439,-161.9122387450023
-13.53268539967712,-160.87411086147858
-13.618179613271558,-159.8467058552049
-13.69551913106699,-158.85410471692742
-13.743363785849912,-157.85271831389758
-13.812170276658605,-156.91294166185642
-13.888422151207509,-155.96705211884085
-13.958862409014532,-155.07121140793546
-14.03206079168279,-154.2083738066818
-14.094300512966901,-153.31789587230995
-14.157706571261057,-152.47115128938367
-14.22799233159772,-151.6503859920541
-14.270300174471522,-150.80440182486976
-14.32399588494654,-149.99492587621543
-14.360355942221451,-149.16265124714923
-14.419442716267923,-148.39963487487964
-14.476521571966693,-147.6286841447614
-14.53680999397907,-146.86286578994606
-14.61122283581921,-146.08866849414053
-14.658941148323796,-145.32488452806925
-14.713337898566895,-144.56647070234445
-14.780067639667593,-143.79959299439602
-14.836712955927686,-143.03065099904603
-14.895422344119652,-142.27450427921866
-14.962340957786026,-141.51372825808681
-15.005196377602985,-140.74873313774813
-15.070286541628228,-139.99666456049184
-15.130472235078011,-139.25249346435731
-15.191497325243352,-138.52262605488093
-15.262710260885797,-137.7848257955169
-15.321825762969922,-137.0609595022615
-15.378964074371137,-136.33632513534656
-15.460593934638814,-135.63198312967896
-15.521543636040429,-134.85103233108617
-15.585238057068029,-134.0740801669392
-15.654749834820194,-133.30081685510936
-15.716285304015893,-132.53606231187507
-15.7810721720992,-131.76148340205302
-15.85137110182134,-130.9684725033275
-15.914541041927672,-130.14972963603628
-15.967316751661574,-129.29902070449305
-16.02354475753138,-128.45700676595501
-16.072886042772815,-127.58936085058086
-16.121578241745897,-126.70069621307877
-16.169192222673544,-125.81353512740714
-16.210786381780927,-124.91158920252018
-16.264249017961642,-123.98425646083052
-16.31630765296024,-123.02776150602088
-16.35666192435147,-122.06972271059868
-16.392146718495972,-121.05816288755092
-16.417384180303575,-120.05647698538789
-16.440361555771982,-119.03097053711413
-16.46441894173323,-118.00043475941445
-16.48486510799238,-116.94379837270897
-16.513377583477645,-115.86873967560071
-16.522989876182713,-114.76973103681172
-16.531417508926797,-113.6614432515831
-16.54847383525268,-112.51219518727655
-16.57108415103059,-111.34743301834466
-16.573134322466604,-110.18648939659143
-16.59217747598479,-108.9864327201973
-16.595755078943974,-107.8012512502728
-16.611734969920477,-106.59091660195732
-16.631419969968153,-105.35398588881307
-16.641113423224873,-104.10632189099903
-16.659613267610567,-102.82309646656677
-16.694947966776187,-101.54094465940179
-16.717017216409175,-100.23772429288164
-16.74482553548277,-98.90596704627873
-16.7741983502562,-97.59525866769481
-16.798317241116266,-96.22899172234969
-16.85376882739419,-94.88036638806246
-16.903545998763562,-93.52211934382132
-16.963857229398993,-92.14098696362069
-17.02135051008849,-90.74501910040595
-17.078254376117403,-89.31680859453787
-17.149502815429646,-87.90237910682372
-17.228540900253677,-86.43924902609295
-17.30728845528214,-84.98067887062389
-17.40081838398839,-83.48505971102901
-17.518782548500205,-81.94741466049128
-17.63837872952184,-80.38259533935083
-17.74605936014954,-78.85166558685835
-17.8459705693489,-77.34235986585455
-17.942365098906016,-75.86771636523903
-18.05389580375221,-74.35796104739148
-18.181643273575308,-72.85082873210722
-18.302609952098067,-71.33132494483135
-18.417020868241178,-69.81231117642781
-18.546573516895236,-68.28697360693744
-18.66994210967025,-66.7970044508253
-18.797723154863267,-65.28982825711645
-18.922877571694766,-63.7726712355109
-19.042971489512666,-62.26478771582747
-19.162054146173574,-60.786257692313775
-19.286205422929935,-59.29841369128734
-19.420697946768854,-57.78879421633974
-19.56660257735453,-56.22610844326775
-19.699635697495456,-54.728169278266336
-19.85635924537016,-53.1947200740045
-19.993589719556308,-51.68021000666498
-20.124126561257036,-50.18683255599145
-20.33946019214959,-48.95583605294368
-20.478841145707882,-47.49721709900985
-20.610492944754007,-46.02293692408465
-20.730509346994225,-44.53252868451332
-20.856118216599786,-43.048859425268354
-20.978695552037006,-41.58890577407178
-21.104531932075,-40.14212175661759
-21.245132012247655,-38.67240001099713
-21.385700096292734,-37.16260025779703
-21.518590066348924,-35.72256136675221
-21.645837123150024,-34.28380074747952
-21.771875090097062,-32.796606644887035
-21.906687373643177,-31.340180083856737
-22.046267489061556,-29.886339531251792
-22.173229506934632,-28.45457846469525
-22.30199670160633,-27.013176210783804
-22.450854907634536,-25.551420924325317
-22.594676958247206,-24.117975385474704
-22.72443441737208,-22.658648656789353
-22.85338624593942,-21.240840511464512
-22.981961803240356,-19.82657888541793
-23.133274350294368,-18.427024161642226
-23.28257620407646,-17.031575511257916
-23.421972430061757,-15.616389962502172
-23.5644017816412,-14.220119076579076
-23.7262698993075,-12.785783970835066
-23.865176669509495,-11.378645404373946
-24.01315868081228,-9.963742932287081
-24.15810292683844,-8.554485118777723
-24.295747703502443,-7.107707980138541
-24.416137877437496,-5.688741263597907
-24.533287670324007,-4.26849780251844
-24.665752749554656,-2.8473268997525834
-24.797427559636013,-1.4044923015602577
-24.906430909924385,0.03573392536962072
-25.035709161304133,1.4533690810909974
-25.171140226304956,2.8772285636907053
-25.3198942965285,4.302520644232309
-25.46586618144522,5.722754996313827
-25.61007292045809,7.152517290825748
-25.748470939553695,8.554012272599671
-25.884170029752084,9.974073920835863
-26.042455986788035,11.40480743723529
-26.188384724081832,12.84539294738189
-26.329328202224843,14.284092956015328
-26.473998517119,15.70971530783463
-26.67256467552816,17.206141921053014
-26.85244469317949,18.669666590253616
-27.021733543982798,20.06044701647918
-27.174092245895768,21.515686237958903
-27.315549125356945,22.98403989737954
-27.474547952241103,24.461330290539724
-27.639996293976367,25.945078775895677
-27.80392196656915,27.430392824004176
-27.966909790912318,28.92104092184536
-28.130707413647173,30.41791394966646
-28.30150857208436,31.88697193347729
-28.46845327386194,33.395751402738085
-28.652557353691016,34.91517768160127
-28.800111134287903,36.36751897509698
-28.950792416708385,37.79505564439387
-29.09456452129041,39.237938555092626
-29.24167188349169,40.68460273162779
-29.388948228664976,42.142723416815805
-29.532759494292286,43.5877637862886
-29.696260010425636,45.04147803013727
-29.853223618858507,46.49221377556479
-30.018555088386165,47.93627256351807
-30.168148297265184,49.35686460430404
-30.326495118746337,50.84061011232415
-30.49155692126723,52.29573206280243
-30.642508911035733,53.74227516153012
-30.804019248803062,55.18140127884177
-30.958106374648917,56.62559544858571
-31.122127821511345,58.07640998766247
-31.28989995609559,59.4641406681603
-31.46478987937243,60.91307295064697
-31.635556413798113,62.358053837941114
-31.80983863331452,63.81160037017883
-31.988600744373976,65.28299596220074
-32.15562902862075,66.7047226188579
-32.33174183045019,68.14380610545261
-32.51228022895396,69.57711577726302
-32.70012211485574,70.99633674640634
-32.876810541564815,72.40909666295268
-33.04498403845975,73.8278432494725
-33.213180883718,75.23926424482018
-33.387717776145124,76.65932744667862
-33.561555984212376,78.05877635877495
-33.72435390651505,79.46853086413792
-33.92451436083033,80.87555992155973
-34.087190262976016,82.25341147343936
-34.2635988936735,83.62954956225433
-34.4274046409268,85.01500616779806
-34.60322980123899,86.40431468489092
-34.76229458948931,87.75915944621947
-34.935262882308635,89.1267942500422
-35.1179394998833,90.50153891100882
-35.29343177584978,91.85569488493866
-35.47112207389994,93.22010631341792
-35.63903080239327,94.56272534971775
-35.813299916889285,95.91235394189795
-35.995496119630566,97.26661812426931
-36.17470740041483,98.63416853270763
-36.36953155436593,100.0185491459801
-36.54788474980075,101.36041549017904
-36.73692022474925,102.71284625576473
-36.941322382367865,104.05794062539188
-37.12783399047537,105.39399027182247
-37.31063631736931,106.72714561858406
-37.47919815747945,108.01570212230915
-37.66243355670552,109.33979005640745
-37.85397817185048,110.6436344874426
-37.85397817185048,110.6436344874426
-38.049280804380494,111.97615411644088
-38.23236683422907,113.26137830549885
-38.41351122217036,114.54482000782151
-38.59119902269622,115.83134429618211
-38.79240932655246,117.13314192063656
-38.98611095825722,118.44205362428227
-39.177256952212524,119.72244919655272
-39.365886841948864,121.01664395543659
-39.53951388420359,122.25718377151608
-39.721050731434936,123.52386198426125
-39.91283639502624,124.76601670236805
-40.09157671757276,125.9839550606596
-40.247562106472444,127.20815887636074
-40.436351177876844,128.42322979657558
-40.61880320519566,129.63993571766295
-40.80371301274986,130.86434216528892
-40.9886780834608,132.05325589242852
-41.16582080447623,133.21573330268046
-41.33452506140333,134.3685148110384
-41.50156276091167,135.4723503258992
-41.67190890465344,136.59223010781685
-41.83727678906564,137.68804286318647
-42.013521613068185,138.74093776522247
-42.161295753910274,139.8135815589795
-42.3188670930507,140.87221736210427
-42.48156185738182,141.87173905109887
-42.62696878379109,142.8167831181982
-42.77393632514802,143.74667404865767
-42.89775660103467,144.6593227856554
-43.010496401067854,145.54632360791746
-43.11586702902956,146.37877284454194
-43.20318822361066,147.16088087253587
-43.29782888550366,147.9217776759185
-43.37783147879058,148.64968614277805
-43.43107847958132,149.3842254168835
-43.516493363794055,150.05410840642355
-43.53691173763889,150.74735088294062
-43.535409448283815,151.38456827555063
-43.52419069283946,152.02444253248635
-43.485645295651906,152.62372906917255
-43.41012203255125,153.19569988042127
-43.290527102914,153.74783202214127
-43.14674397304712,154.3002962005687
-42.97325982593323,154.83303378021347
-42.7717923001332,155.3385873546221
-42.54449507143672,155.85440024551713
-42.26185763960538,156.33108321284504
-41.999161311463126,156.78097954474822
-41.733416711833755,157.16182470936806
-41.43308255335726,157.5121899608025
-41.080109849224804,157.8146731619689
-40.71958555153919,158.10451018070606
-40.325643742231,158.39574959387778
-39.928267709491934,158.66761208348032
-39.51406064824812,158.9065162421937
-39.1082359628276,159.07420928598154
-38.65471254081193,159.25089036280175
-38.185162905446006,159.38179278732207
-37.68762730959374,159.4634867985853
-37.19060417581011,159.5312805172466
-36.69974710097641,159.56726507141292
-36.181077217882006,159.57323886215735
-35.664553212163995,159.5300225545845
-35.15031385446997,159.44738853098838
-34.61161973079246,159.33018822476117
-34.070818248584146,159.15682246382912
-33.51746608493468,158.9341375837663
-32.97284643153878,158.68109434798887
-32.42463009378048,158.3664138174466
-31.894274781796074,158.02100908462177
-31.37751346616076,157.6358089910427
-30.876174863271654,157.1886804386771
-30.386459635049604,156.7067924827052
-29.915433657070555,156.1987970323405
-29.472532078899654,155.64977042605554
-29.058736135461388,155.0608484609986
-28.652258736153215,154.45846376216699
-28.294359977017606,153.794947589125
-27.9426053009728,153.10556473049925
-27.644805543143224,152.3772311697464
-27.36592342715435,151.6156334066722
-27.1179014280336,150.8212459822021
-26.901531178422108,149.9905545702839
-26.692871810418133,149.1372780584525
-26.5200096492254,148.2331767957868
-26.357905126853698,147.31998450873297
-26.15133138790523,146.50865253658426
-25.998286065552726,145.56541462358288
-25.855203318042268,144.58381726341415
-25.695866056819728,143.57721225330684
-25.552756166623062,142.54904367761253
-25.40977000047858,141.52070512187373
-25.254999486272936,140.46177163233028
-25.0958927869946,139.37789111892795
-24.931767182580547,138.28105574272232
-24.78659025270346,137.18706992526552
-24.627028813641648,136.05872817322506
-24.464730880333352,134.9251910005596
-24.317201149886763,133.7302493498575
-24.159404768906168,132.5154860047789
-24.011585579639423,131.30387870003182
-23.84232594764796,130.10673579986667
-23.675863194560343,128.85525189639515
-23.511497937921177,127.60021971822138
-23.342566245049237,126.33037371433895
-23.167301850388174,125.05606353120056
-22.989486260013045,123.75770081034659
-22.810131177670648,122.4553322864392
-22.619015225917398,121.134271493393
-22.42724103827222,119.78525267443862
-22.243936854453317,118.42892174789976
-22.04798641613257,117.0522770742309
-21.858647655432858,115.67459321012777
-21.677244025047006,114.27674129416238
-21.507733370847948,112.89588925830006
-21.3307751650627,111.4670819980478
-21.143988475805255,110.03083645909894
-20.966161360498063,108.57728485660138
-20.78214320449654,107.0825277034739
-20.60869750705249,105.60429264900398
-20.428817958840682,104.09128812682783
-20.233854526800844,102.58057101997973
-20.026193541157827,101.07361839517907
-19.80550404098674,99.46930680175767
-19.611492314445446,97.93597925798724
-19.421904413028024,96.38874434150783
-19.188702063234867,94.82459600518057
-19.00401126056702,93.26332639726326
-18.810461419652356,91.72225251668343
-18.620508402901045,90.18755268018478
-18.414564587144913,88.67007433580834
-18.204169063267294,87.11812873656127
-18.00138893589033,85.58191928637102
-17.80324379151634,84.03225977853529
-17.5864725531138,82.49460788376707
-17.380862406266896,80.94672977033977
-17.176015862795154,79.4257037965044
-16.97455005225451,77.8997884166976
-16.75779712097381,76.37928296645829
-16.540586222267862,74.82709376891377
-16.29359709812296,73.24705140468514
-16.064193537873216,71.68690048489877
-15.825757378293451,70.15825786773888
-15.60192179129913,68.61938083462948
-15.388267829608552,67.1106424189484
-15.155311654624876,65.58370776505224
-14.941246732330235,64.05994517796393
-14.731221445724298,62.54378655136947
-14.524351345154287,61.03911359836074
-14.310293428954028,59.502628886851255
-14.095350367243611,57.99080396837251
-13.892507693378635,56.491597390332856
-13.68979177911811,54.99258524571104
-13.482844030155007,53.50786021991223
-13.275726635663137,52.01011834352738
-13.076275467745633,50.48343717501758
-12.876349788883806,49.01773294150607
-12.674796367436471,47.55719690970499
-12.476680477359688,46.08058372354111
-12.272726319288896,44.63291085273267
-12.065800657133845,43.15407819133962
-11.87151009347561,41.67618350643465
-11.676432406246246,40.19423802704654
-11.465136084566018,38.7405305983882
-11.230325792411517,37.27027147760511
-11.011509028209844,35.82382515596862
-10.812286276802112,34.38403066878528
-10.594489310051374,32.92121180804297
-10.37419536038069,31.466686470173574
-10.137963056897007,30.003533100526003
-9.926324985878574,28.541970349765734
-9.714945902671474,27.102795568196484
-9.482193351410308,25.665207939011
-9.240211389698796,24.236991624742636
-9.001750920746561,22.814756335655492
-8.765774388073902,21.385110629737007
-8.538518783816288,19.963239203543253
-8.319256545074648,18.541830407067245
-8.0910469900527,17.09036996709955
-7.860735833894468,15.671190044499792
-7.62657767183648,14.243986475807821
-7.3928535380053155,12.841214692687615
-7.174229487167154,11.450282401278047
-6.939338179856814,10.02305494338167
-6.722216753543828,8.642448973362397
-6.495910576876788,7.251589516405192
-6.271547733951132,5.859100532376999
-6.06228908765894,4.458242397933002
-5.840265646895794,3.0813691952560847
-5.6168494843839,1.69713769478159
-5.400112066851877,0.3042212164600655
-5.192698318117581,-1.0755442746224428
-4.986930911717241,-2.44110132760005
-4.778494606503045,-3.830429708148533
-4.56676236533463,-5.192835278936695
-4.356225389094973,-6.564559319149814
-4.13546485039699,-7.940971556844251
-3.906881077799451,-9.324008680886337
-3.6852073591628325,-10.677834781396207
-3.469797688218211,-12.050092592187472
-3.2543365618102564,-13.41464475697046
-3.027715975903827,-14.785982628982277
-2.806457835911505,-16.15700856490869
-2.5842779434933916,-17.54381869528772
-2.3592956466616477,-18.935838149894032
-2.132489784512076,-20.303969575495472
-1.9133005120995952,-21.633314997670045
-1.7102334965421317,-23.000761542507238
-1.491437557847457,-24.34244493012728
-1.256326485486563,-25.721466628950836
-1.0385222067338458,-27.05132647881827
-0.8303771874599268,-28.41293854464816
-0.6223840166389896,-29.757793319729636
-0.39130624924248836,-31.12201721007422
-0.16109454795280345,-32.53471454113534
0.06549342166903716,-33.8728845863521
0.2822129386293528,-35.20271691327871
0.524170480230315,-36.520050134451935
0.7581531499995421,-37.85555033945666
0.9840266015120577,-39.19478032875451
1.213441148355892,-40.51513943742365
1.4450449991326122,-41.83356217764504
1.6714889204974637,-43.15465792312096
1.8847559150432305,-44.4549353943585
2.1008191331903263,-45.77252895673206
2.3153085703134217,-47.08531100211641
2.5229572374434825,-48.39302908385003
2.7234929546949047,-49.686821742056374
2.935654490494335,-50.979325493090485
3.162658279421634,-52.26333026907983
3.3913517258001233,-53.55743058295308
3.6183696395746496,-54.848165697732036
3.8261441268607816,-56.13565197513623
4.01641824826586,-57.39187579578953
4.221715011608136,-58.676447297643236
4.440804987771181,-59.959662166812635
4.65762403095269,-61.24557562970488
4.877099227173999,-62.523067760284235
5.0723795234650915,-63.76698986813737
5.265442855351701,-65.05198324408516
5.4715704433636185,-66.33530714190347
5.682210745709105,-67.59288279373834
5.885366162470311,-68.85138733931628
6.092675523925421,-70.10959685480803
6.279593412722544,-71.36110158315067
6.478003440877737,-72.60370209572899
6.671890883603104,-73.84263513788342
6.865312748967575,-75.06217871862854
7.0651240993797435,-76.24577661118107
7.272556894134575,-77.40602430790639
7.462029213977191,-78.55935606160887
7.643339202757544,-79.7063421875642
7.825591926559807,-80.81694988990428
8.026944702233672,-81.9020655004132
8.204031932313985,-82.9404303282434
8.40107333918339,-84.03369291352412
8.595329933193108,-85.14639229975765
8.782380271285508,-86.20610072243917
8.975444930938254,-87.28995423433751
9.162563756415425,-88.37666832827036
9.335598137676465,-89.45726309634016
9.554036544758063,-90.55438239808356
9.684072590063193,-91.64122188024285
9.85129400732609,-92.70809576437371
9.973408791314668,-93.73579205060334
10.181509669460656,-94.82280949241367
10.398066043781878,-95.91111888397434
10.618536169519729,-96.97776324760117
10.814691193645286,-98.10466211340037
11.029954840372476,-99.26676233841893
11.2040077277531,-100.38515017011692
11.377547983479413,-101.48801650074529
11.553161747303562,-102.6047604212433
11.7105239496776,-103.73501837127631
11.870381903556305,-104.84077355530314
12.035724779318429,-105.97761696928244
12.181084598948534,-107.12339331790932
12.349865061868632,-108.25263542759825
12.511627868571617,-109.36636573102581
12.668852778425524,-110.51173846817062
12.83214360530261,-111.68382675156782
13.007685575625846,-112.8428451960743
13.187574584960034,-114.03476729889852
13.394666954598058,-115.22129288549064
13.604284446334951,-116.42267228193668
13.826209750726873,-117.6395684097312
14.050663785068055,-118.84012836314503
14.287388428497446,-120.05993348257203
14.550794649099693,-121.26231898079892
14.813939267521262,-122.47551117876759
15.09766285128126,-123.68876464883664
15.395353822734592,-124.9093786495409
15.688359869522266,-126.14610675310594
15.9787765083062,-127.41418184772641
16.295550403324714,-128.69298945066467
16.643983194871176,-129.99184496342525
16.968395104182015,-131.26943995064377
17.295911269350043,-132.58712651527264
17.60298395000551,-133.8758354659387
17.931445916991148,-135.20975425750908
18.229153864796128,-136.52134598241784
18.527347390135063,-137.8541464908971
18.812677066041637,-139.20708182560733
19.093264848142738,-140.55361247423275
19.377634281666985,-141.9128938665284
19.654120212874094,-143.25376511823822
19.92810604441044,-144.63199950844302
20.206529531685412,-146.01222101506977
20.470082880766963,-147.41078795983802
20.732380670830775,-148.83127785109036
20.980792630485134,-150.2308738388512
21.235160926682624,-151.67163412148898
21.485072958794262,-153.1108167841645
21.723542998290064,-154.56830228145193
21.974192148813387,-156.02179632889155
22.23375102454314,-157.50090867043556
22.479640375108648,-158.98454523902902
22.714854034436506,-160.5028132609391
22.948505479455893,-161.9169579961459
23.182390669111175,-163.37116437961896
23.428280275606923,-164.83313186279256
23.66018322796814,-166.2920640967285
23.888699604873327,-167.74458290124488
24.111931293372994,-169.20508538625663
24.347757101028623,-170.68287855124487
24.581578496868406,-172.15665995009604
24.810428552451235,-173.6254783815507
25.044935034190804,-175.07883582418282
25.28285721962392,-176.50552295117265
25.509123217221102,-177.97726016485498
25.76603770949806,-179.4379530588375
26.01688157103622,-180.86219587636333
26.2494725115613,-182.2765081156919
26.48748344051652,-183.68270299044883
26.72901511802961,-185.08930314462697
26.963222234040924,-186.48071102442717
27.193223849794155,-187.9463028464895
27.432300465423264,-189.34243717046203
27.67762498338094,-190.73351378017878
27.930404787101857,-192.13463039158975
28.191810305980887,-193.53518493454604
28.445451994024815,-194.92885042797667
28.696154316312818,-196.32102990943702
28.941317193381543,-197.68782561252365
29.195179806442642,-199.07294209727002
29.45703510210159,-200.4694585332129
29.69369497064564,-201.8661699480035
29.929605820167435,-203.26109693624375
30.152849362569903,-204.6509546868545
30.40074707962642,-206.02458788205658
30.64155620792291,-207.40324723168644
30.877860732525058,-208.76503454986522
31.116909266004644,-210.13756248835864
31.35528082582077,-211.4843549937102
31.58381711480709,-212.8350994576768
31.827432544422514,-214.20456049616922
32.07788844399597,-215.55895927427795
32.30330768305561,-216.889250337611
32.529587218034855,-218.200350317998
32.74954933735882,-219.48444679851912
32.975218919896406,-220.73906235756442
33.19355432311501,-221.9860282711197
33.40156876273278,-223.20263806317445
33.60630068473121,-224.3788376783312
33.78683562196752,-225.54461413549504
33.96069128358363,-226.67517971089987
34.11928633683173,-227.76730485407538
34.28092481156481,-228.82936569162118
34.44134762348843,-229.84392455643552
34.593831526330334,-230.8371436724935
34.74542590985261,-231.78626472858534
34.88774889531535,-232.70575028957174
35.021561715555364,-233.59426651222049
35.13571365824544,-234.45337209014878
35.257528956568024,-235.27640922152082
35.36079920465032,-236.0898274055042
35.472611985980926,-236.8849002381323
35.59284783125984,-237.67089097457318
35.70545105487352,-238.4704056997482
35.83484187489461,-239.25341080782871
35.95286097012011,-240.05632662106518
36.061444165305176,-240.8470181690199
36.19353391055312,-241.6432038389095
36.32453375810932,-242.41852559933002
36.45652315943865,-243.19143600132378
36.600201443540975,-243.94117086828166
36.74118377777287,-244.7009358028248
36.88180183857746,-245.46211985636884
37.023174899051874,-246.2179955731329
37.16284733266078,-246.96727253497517
37.304679402324986,-247.7077956366061
37.455745300023956,-248.44257719809238
37.59253851024144,-249.20235418166428
37.804210623604895,-249.6310240266945
37.93533217728721,-249.86561162639464
38.06734784576436,-250.5811405155402
38.21999355066869,-251.38040492621738
38.35765439786294,-252.08519468073706
38.346065339528685,-252.7501995336332
38.36523361923599,-253.44750915019642
38.48812299824778,-254.2250009458251
38.642740127049336,-255.02295123435434
38.78818433794221,-255.82335089902313
38.944656403890455,-256.62922355470204
39.09663729362145,-257.43144749565397
39.25809626790357,-258.23916391220484
39.42700862973473,-259.05442080395045
39.57950185545205,-259.88067113637857
39.714986605072546,-260.7410955939688
39.89122063242679,-261.57564965161805
40.057237386103346,-262.384607873059
40.2295193860484,-263.22783746608656
40.367010313707716,-264.17291193021106
51.95205173681798,-275.9640990782518
52.4853685163813,-276.3468193038718
53.0469685489657,-276.76695997324197
53.59022015994724,-277.1464717055477
54.13265885037071,-277.53069857740047
54.68563177691733,-277.9197988767897
55.23583795642148,-278.32556367838106
55.8268765542493,-278.7655020975956
56.399030479751666,-279.1653992853239
56.965556157529626,-279.564218780603
57.525348380553716,-279.96251005430986
58.09025108497572,-280.3653919238448
58.65484807186169,-280.77408392438224
59.16191581378204,-281.1480799781248
59.62275965769269,-281.22519744654574
60.16476439896248,-281.56581204416875
60.720222551935315,-281.96103169210966
61.28328089197336,-282.3606884521841
61.8335445369364,-282.75814339968224
62.38441030967918,-283.1378437529874
62.94290690003984,-283.536803527967
63.50195621094003,-283.9275666286821
64.05818609843705,-284.31542140635815
64.58283589404863,-284.6656355299382
65.13107820779157,-285.06519795411367
65.86674785237842,-285.2700772121767
66.42277229059133,-285.61858310323476
66.95503124290506,-285.9932552477873
67.52070581532085,-286.26532019703205
68.0191693166349,-286.61937845191125
68.70385740161935,-286.8174824906165
69.20933780815407,-287.15825718124364
69.75363507520282,-287.52976441659126
70.29559070187311,-287.88829518858597
70.80858101764952,-288.2579568919212
71.32896701602985,-288.61802894944606
71.82596434046287,-288.9624074616066
72.32808951119156,-289.3090933729
72.82976059200303,-289.6480745633559
73.32224589668294,-289.99982264854896
73.80539617485982,-290.3597938798988
74.30800648704177,-290.73277291300343
74.7928041867847,-291.0934347169182
