0.0022893662561476805,0.5808083139250918
-0.007366627882890119,1.1556662923023713
-0.014339360347466485,1.7276519604472953
-0.02379742911964567,2.2954469672013484
-0.033913667640410525,2.8494931133403885
-0.04028691192521183,3.438578605935636
-0.05522597201223356,4.0430680870038715
-0.06382495090631984,4.64837711644636
-0.06960463767142333,5.256381203773755
-0.0672014924563419,5.877536895087416
-0.06760392541582394,6.492673761107531
-0.05437004261116876,7.132317389065646
-0.0501888755185395,7.788073981149368
-0.05107063808654471,8.462835964714024
-0.06644976752419549,9.146890814290007
-0.08355075345350631,9.843829581837861
-0.09621863666902072,10.535507485487775
-0.09645560722746267,11.24389509612608
-0.08516046625470453,11.976933654869725
-0.09128450500758449,12.759641615240522
-0.10363027443097644,13.548539741411863
-0.11707437434909032,14.35204514774043
-0.12477573188089769,15.159547470122583
-0.13515708469527782,15.99164085077288
-0.14738327158986972,16.84900484851958
-0.15564233154249454,17.703228346266854
-0.16004117901812756,18.602514306872777
-0.15351086314622783,19.53405083947212
-0.1553493952435385,20.44353240214318
-0.15301868587007236,21.377253600775035
-0.14976463243667615,22.32382932372381
-0.13964167136708977,23.27227254799973
-0.12746943337514474,24.24389065258189
-0.12327367437569497,25.23321401944427
-0.11507607911964211,26.225447547157955
-0.10803442912377094,27.20003920702261
-0.10122392257156658,28.209576484513164
-0.09128824453081635,29.21823785589416
-0.0881912001942123,30.250696393030477
-0.08295721329572138,31.286422023747875
-0.07312758333896482,32.324106325781884
-0.06855358135985062,33.38090454167117
-0.06927376653638599,34.43795632831566
-0.0691372278702676,35.50319100896307
-0.07632595900433059,36.57626934293456
-0.0835248654295298,37.66654107186403
-0.08683006927765761,38.74958910978066
-0.0881460512393314,39.8449745094708
-0.09512260449058739,40.929370594178685
-0.10309732578261344,42.01619573465483
-0.11495353686820342,43.10573274375694
-0.13065591554688247,44.190672236192675
-0.13982364628366864,45.2657790455146
-0.1357376968794246,46.35040331350603
-0.13394023805428648,47.437027547683776
-0.1355338255954033,48.527352453722344
-0.13878900641111797,49.617527413589656
-0.14614266433633274,50.71338145753913
-0.16007479373381855,51.81728639431845
-0.1654877787075516,52.905552534283416
-0.1707436934040482,54.016100186612384
-0.17721570489855049,55.12932635042891
-0.1738720573358981,56.216925497661045
-0.16757787708599292,57.3198974995332
-0.1632556772996212,58.41116992629799
-0.15936678434195883,59.51657193882627
-0.1692742127789131,60.61007987521237
-0.1796698851822959,61.713367412011785
-0.18787919871633824,62.8298447105485
-0.19122653065914008,63.939172151890055
-0.20066769864071685,65.02934480203913
-0.1922490354765145,66.12347089616226
-0.18185797184581032,67.21049150948423
-0.1711154545732018,68.31505415090255
-0.17033833682419658,69.42610401007752
-0.16528924798661268,70.54124624810797
-0.16948544836352059,71.66642724664753
-0.17043898638841198,72.76946914412923
-0.17249182908333793,73.88422672035372
-0.18260396634581427,74.97110072805097
-0.19807805219827568,76.05749090071139
-0.20593825556722528,77.1124939693559
-0.20211734719735683,78.1916381299408
-0.20262380024669951,79.28286879040535
-0.20772324382330282,80.37845403487984
-0.21623439531867672,81.45036798098991
-0.23259206838311283,82.53106887488529
-0.24508534855276498,83.60243264304616
-0.25211563015721966,84.67169238785642
-0.2607225136969148,85.74213114589817
-0.26762874617861193,86.77904457044805
-0.2742892864550949,87.81686172124738
-0.28769796987010576,88.8313539009814
-0.3019089836186747,89.82859358780847
-0.31673201145090435,90.7938237813718
-0.33306269405780287,91.74165116291402
-0.34523495109572433,92.66738926245898
-0.3563153899484285,93.5614266977909
-0.37251807234575146,94.43547300828338
-0.3867681713700954,95.27822203232007
-0.3998072323057668,96.111601494553
-0.4156153905491883,96.90908761942863
-0.4285889562933643,97.66839947913999
-0.4505232699205294,98.4001531744712
-0.4626790792522988,99.10378470186807
-0.47588911369629805,99.78228500359754
-0.4809393048616703,100.43369291654048
-0.4839142274045779,101.04708047360963
-0.4865968077150181,101.64526313180572
-0.4926380191893645,102.2128167995118
-0.4977652333165592,102.76492045816053
-0.5044859156744679,103.28838135685376
-0.5082608935522734,103.796090536462
-0.5160144007043969,104.27936326878653
-0.525925532788122,104.74053683030513
-0.5353217101762718,105.17615747240151
-0.5449114471992049,105.60013105698931
-0.5516172682023417,106.01899936946886
-0.5516594902422133,106.43405254942829
-0.5510953815409512,106.84201919067445
-0.5515205413056826,107.23457885817005
-0.549115566705754,107.6332991083297
-0.5529733784212295,108.01833629592004
-0.5559222694993136,108.39443844972567
-0.5594309840800112,108.75998313613722
-0.5621973771527687,109.12188793621766
-0.5677467681469635,109.47335187396506
-0.5705995092361507,109.8152623430141
-0.5716955411052332,110.14796343388657
-0.5804825704892849,110.47163019680299
-0.5881902901522046,110.78811621356051
-0.5962869465242425,111.09296708535202
-0.6007288505057528,111.3933077973108
-0.5910628147092869,111.6900884372584
-0.5868129571378675,111.97789459989075
-0.5856758115888998,112.26469083199336
-0.5781812661353064,112.5478499193342
-0.5751147028357183,112.81774902443827
-0.5674184918945693,113.07469027681812
-0.5725694436843718,113.31349154739921
-0.5833729986051341,113.53811341402366
-0.592153703319493,113.7379359818525
-0.6074992935303274,113.90746684840892
-0.6205007933506936,114.06342378757896
-0.6293501436427575,114.2046645130699
-0.6467166944477432,114.34133049190615
-0.6615507823503045,114.4618760072819
-0.668850671135379,114.55748143321078
-0.6897613466667196,114.62805331369118
-0.7084042350547181,114.68223018706605
-0.7346319976757248,114.72925217222983
-0.7677144390081124,114.7692493421217
-0.8001340647263384,114.81523211135939
-0.8317633799111068,114.83371119267598
-0.8563337987223627,114.82376095837078
-0.8772563688653378,114.80880399612013
-0.9205162871260508,114.86550536377942
-0.9537779442472607,114.85120470482576
-0.9858476078028683,114.82403791598149
-1.0250999410625656,114.79992404076475
-1.0608558182921815,114.75798034554222
-1.0896863547646525,114.73160586847213
-1.1231074508573837,114.69912961827734
-1.1569948520096838,114.66289346184817
-1.1984484624230647,114.61981240507399
-1.2333303178735253,114.58393866829942
-1.2764111231501478,114.55129819533902
-1.3222681915763215,114.5151917955646
-1.3665484519025504,114.47196171891771
-1.414233050514353,114.4373779659064
-1.4659219776102614,114.4011311119236
-1.5235854670607578,114.36027837435265
-1.5761173178776613,114.31329597844308
-1.6226481039761458,114.275246052107
-1.6692632620000192,114.23251632360012
-1.7140170273686997,114.18599090938892
-1.76129868850661,114.13494212738566
-1.8166562570082643,114.08833995310216
-1.8728508343665318,114.04339028076582
-1.9420418813309868,113.98921463896332
-2.0039400766308657,113.92664970159252
-2.0437750628687343,113.88529927930048
-2.0763739207647127,113.82495704017538
-2.1172260148647877,113.79418853254522
-2.162071655530483,113.7614176645462
-2.2118455940792434,113.71592765667674
-2.265424550400644,113.68150944549608
-2.3156519101432496,113.63348332878766
-2.363087766280286,113.59373725375792
-2.413635816549406,113.54809607663631
-2.46486217968245,113.50431613441052
-2.5161668590797217,113.46037240855918
-2.565292238370747,113.42360104865521
-2.618284702399017,113.37351530609577
-2.6687899307063967,113.34019436024751
-2.7243212983290506,113.29221801321358
-2.7750844364476377,113.23182289753655
-2.8280827407844664,113.1859358298108
-2.8824972725515496,113.12446297335485
-2.9347543826636078,113.05846176146822
-2.9904186756484314,112.99362387690122
-3.0406257706915647,112.92989258976274
-3.09252712274228,112.87515984500801
-3.142963437687512,112.82252795462833
-3.1878261602115248,112.77418195057275
-3.2337689514366863,112.72198929160768
-3.281352390786498,112.66398160319328
-3.3250140025422508,112.61555169325207
-3.366715139824691,112.5642165222109
-3.4139697182708275,112.49614761354593
-3.4571177878707293,112.4313735044874
-3.4892484960629133,112.39042938462981
-3.5293124910461384,112.33639504867831
-3.5757569934049207,112.27796008982268
-3.618406397509347,112.21639992698518
-3.6614774484498,112.15427887130122
-3.695473103830084,112.09604889907794
-3.7313361063871904,112.03377322382852
-3.7651874104309546,111.95910402520148
-3.806386984604179,111.87198901993361
-3.8418326869575665,111.79011464619934
-3.871785770753605,111.70505077622921
-3.9014946303856806,111.62447776702521
-3.942588569104884,111.53843789228242
-3.9906271128324784,111.44476847854195
-4.034330111328643,111.34686707486233
-4.0805346866623555,111.24801976865446
-4.121685741564813,111.15839975931418
-4.15817270624884,111.07005419918862
-4.1893118935909905,110.97177973361188
-4.228264513249665,110.86934628090187
-4.263676736997846,110.770399695659
-4.310224847744207,110.67336914132696
-4.359108615887165,110.57035163431117
-4.407720404143925,110.47479395704887
-4.441895558150587,110.37942522724128
-4.476664982267021,110.27293448561444
-4.520707750909242,110.17067632747592
-4.561885036051319,110.06457798213583
-4.600418042818791,109.94794124597057
-4.647196014877964,109.8376251756984
-4.691388978146342,109.72072328106378
-4.728849303418674,109.61078214816449
-4.775129008648448,109.48146619226098
-4.818584230951522,109.35818363344895
-4.864262741663156,109.2309239473393
-4.90784785907868,109.10310032068763
-4.950163567536522,108.982500858547
-4.993094084884648,108.84876956485778
-5.046742381316098,108.72007108845006
-5.086714391123171,108.59027924402466
-5.128037448562051,108.46110385105686
-5.16377996692279,108.32464999699258
-5.20277701988441,108.19332902041785
-5.2475027886668775,108.05479200552045
-5.291891572296973,107.91789332673092
-5.33829100239198,107.77308182777874
-5.383789128983057,107.63242211754086
-5.440212497613265,107.49053325267984
-5.496069734127919,107.3659206961374
-5.553011414349981,107.23603664010786
-5.597019292282442,107.09925802681207
-5.631269610077743,106.9534217160464
-5.667676834373846,106.81483686179367
-5.716618125062272,106.68702952902142
-5.765764501872889,106.551656512624
-5.811175095167105,106.4194469109298
-5.85856243098434,106.29854372943899
-5.904573600990684,106.16457834309463
-5.953017118669224,106.03523638910454
-5.997503075517936,105.9195022322794
-6.0442757273779755,105.7944130502503
-6.0828676934024255,105.67908378036344
-6.122549915298523,105.54707755222267
-6.171985725606472,105.42239738634102
-6.230605124485936,105.29547711584917
-6.272023889961489,105.17321098617754
-6.32002828936503,105.0461198313537
-6.357442742954534,104.93176392533312
-6.396396077823989,104.81536757387691
-6.434074335708364,104.7008465047553
-6.469072551213002,104.5792934531706
-6.502244085344028,104.45841351704809
-6.535462668521135,104.33626040358907
-6.566081752521288,104.20068243174269
-6.603599537891156,104.07464922909557
-6.639310772712192,103.94936065202921
-6.669936231047078,103.82433604255147
-6.700629641671526,103.6899078685031
-6.732182300967692,103.56074173499336
-6.767930947630132,103.42942434290603
-6.799924281750887,103.28953364167586
-6.8251990983078095,103.14647807102673
-6.836566549378041,103.01407715491564
-6.849936752227741,102.8815104962114
-6.8717332822823,102.7358493774105
-6.904527881344055,102.5944238242311
-6.932922110582261,102.45076856299666
-6.954486681119888,102.30875553871894
-6.975381896724232,102.16240568040295
-6.997342971039175,102.01520618729637
-7.018476641627151,101.86726124924671
-7.0250258784737,101.70830154816356
-7.039502114450362,101.56082005414241
-7.058389526897895,101.41192900106698
-7.075969065325573,101.26052265280292
-7.093820778640957,101.09731289427077
-7.108640619815357,100.92179223075784
-7.129569869397879,100.72837860847896
-7.1437699451614405,100.56093378785516
-7.1558954546734475,100.38811178465525
-7.171713238410293,100.20105108955825
-7.19068623634263,100.0183465105789
-7.207574140058742,99.82156526443302
-7.2416905929829545,99.6215650916036
-7.264118324170852,99.41098663461375
-7.284785248201274,99.19642016535198
-7.30839313499275,98.97719753833876
-7.338865335332355,98.75355908458026
-7.371515512739057,98.54427102473181
-7.405924044791664,98.32131793333888
-7.432020075501456,98.0973372668085
-7.455168076420692,97.87309482264041
-7.479703144280837,97.64773289145015
-7.5030928968178054,97.43082010330512
-7.5332678034991565,97.21338340873724
-7.56537522083134,96.9986483454924
-7.591229771152126,96.78378728658534
-7.619630222231876,96.58047957320397
-7.643728627973448,96.37390158514083
-7.675215793767358,96.17488332181141
-7.708048493178535,95.97772616297927
-7.741458584522812,95.79322352742342
-7.774732638404458,95.59581801861987
-7.801532933932477,95.40863831850464
-7.843589432209265,95.24559131598083
-7.882640265663139,95.08557837029005
-7.918291096064501,94.9041998086228
-7.9506336680670024,94.73842997128986
-7.981363899239483,94.57478472538251
-8.002829941068102,94.41714490274637
-8.024542900417902,94.2465699420453
-8.048504346164524,94.08927426274752
-8.081012050793985,93.93792688451815
-8.107786274301855,93.792250290385
-8.137043121289786,93.65571118096271
-8.164082321366426,93.53226914929179
-8.19334921753916,93.41726401472893
-8.221762580126843,93.30605509119721
-8.249644243814446,93.20832585308113
-8.278720911218922,93.12029363332498
-8.303281849954308,93.04911375430358
-8.323071810043702,92.98491910755936
-8.350332157866031,92.93432033286965
-8.377535743466147,92.89406700004831
-8.405006930737365,92.85078783916092
-8.429816266784325,92.82804577558323
-8.449695805729757,92.79643334478911
-8.503491433839399,92.77578022092476
-8.534855661246812,92.73671110367489
-8.565485122497172,92.69446601230484
-8.599056127185499,92.63994391800755
-8.626609822591,92.56143994567378
-8.66269592313622,92.49322981302323
-8.694758883231218,92.41942357109049
-8.732186887966948,92.30917816843693
-8.762165796984792,92.24296602836257
-8.79376039404451,92.1405940743033
-8.829602417021581,92.0383790530272
-8.869056938588011,91.93826822170439
-8.906968406296986,91.82518894450992
-8.943537719424983,91.7074069547304
-8.979476231401726,91.58861577626695
-9.01063202559017,91.45487046199162
-9.049791046636534,91.34262265355929
-9.090994749310438,91.22526344502408
-9.129078716489797,91.10496856257292
-9.160331487580608,90.98758598981586
-9.192589031926667,90.85776796282515
-9.225383765475645,90.7318385506593
-9.258102301204,90.60180284071915
-9.300735182840606,90.46314792638213
-9.338104424101736,90.32350230986268
-9.368511012249032,90.17100517286428
-9.399493543413511,90.01751562826135
-9.431829635510494,89.86042332048122
-9.460908455893557,89.70787323935339
-9.494919073871761,89.54583744771793
-9.535679591298635,89.3633029618782
-9.572966044339404,89.18812221567147
-9.617698050819795,89.01321197008058
-9.664349445228302,88.82441705269558
-9.708964020015996,88.63882606082021
-9.757840138636244,88.44052260436324
-9.807963246601597,88.25311991261115
-9.85265311893304,88.06224329370565
-9.899224155039997,87.87601286972523
-9.945241536215255,87.67349099421543
-9.999759827074541,87.48746920983625
-10.04894679292368,87.29707869219608
-10.103089155449732,87.10254562728558
-10.139795715910397,86.92707814943925
-10.169373904176657,86.77495188055502
-10.20950538986531,86.61203370959664
-10.240714163829841,86.44146022202898
-10.277640308430788,86.28484102484222
-10.317982278785287,86.13921600259287
-10.36312598097895,85.99425951293385
-10.404744001857733,85.87325136625219
-10.439814228057038,85.75180672113174
-10.483279109268157,85.64170392863619
-10.523494343627773,85.53425711335969
-10.553714639140233,85.43005290031955
-10.583895870959742,85.33928659763696
-10.616420910809856,85.24997201091715
-10.645213106916128,85.16373096385483
-10.668992450174963,85.08358194541388
-10.699537848209628,85.02214182726976
-10.722540345332494,84.97550974175527
-10.749937076565356,84.93616339102246
-10.78215498505545,84.91580241990025
-10.814533156473935,84.90725853710731
-10.842272541345205,84.90966547650804
-10.870656117553104,84.92272460201178
-10.899001711659416,84.94286701462866
-10.9222031846856,84.97699755877194
-10.9438597521415,85.02646294372344
-10.963849782102573,85.09034129828237
-10.975315740141651,85.16740108946387
-10.987500435622023,85.26572811788596
-10.99781233618718,85.37822609216829
-10.996401177132524,85.54318265059791
-10.994508477372111,85.7216889836917
-10.984821463793937,85.93077310431657
-10.983011280002032,86.16224271946902
-10.98688777601981,86.40536998957896
-10.97376986703972,86.68650223043663
-10.960982308546726,87.02177188665272
-10.935251668935045,87.3746676005119
-10.918067672294526,87.75159907032055
-10.893546911742183,88.16314097296258
-10.854932191426094,88.60385514358927
-10.815311210747424,89.07048524442814
-10.781964213317098,89.55938731157099
-10.7337939747466,90.09415382163618
-10.688583089897586,90.66496448683752
-10.64140000534416,91.25224013181939
-10.599121211621089,91.86777863276437
-10.553976664697336,92.50334686061771
-10.502305348731108,93.17276935143313
-10.447364327199276,93.845749586551
-10.393314841740935,94.54205405984088
-10.347164156565801,95.2327303174423
-10.292085508363625,95.97435856864155
-10.229591676961718,96.72136073177407
-10.171145552255778,97.49028084112712
-10.110772297708035,98.26714020844673
-10.053768539846342,99.06655435826471
-9.99282590252399,99.86038218132794
-9.930604380159705,100.6750790555496
-9.865590591082,101.50246017533445
-9.79651408748291,102.34054967454449
-9.731175553678298,103.20451458715425
-9.669002297138652,104.06768655721162
-9.612453687559867,104.92579537539278
-9.556965170444357,105.77232855587721
-9.494308877940709,106.65852801584307
-9.429005911527364,107.52832668116503
-9.379181725371348,108.39886697178434
-9.3272878728459,109.27002933606065
-9.284055597214133,110.13590721115065
-9.231373432272518,111.00131896802664
-9.165694958027366,111.92496740931153
-9.109193230071494,112.79184733067497
-9.046579111565883,113.66570730608629
-8.992105769703144,114.55977315356749
-8.933695907951163,115.44956862528485
-8.874844042797484,116.3435675276563
-8.815146071094029,117.23385615906189
-8.754870032211123,118.10465790607618
-8.695381949851114,118.98635393406005
-8.644712587518244,119.85644991845734
-8.590260586728748,120.72996687199381
-8.533201944077044,121.60150627511061
-8.477308727518029,122.46553390650644
-8.423211444410594,123.31996995033549
-8.360744520635176,124.182696488142
-8.30680604786995,125.03558530161509
-8.254430212456588,125.86623407395865
-8.20179989513739,126.70061433504617
-8.162777183905725,127.51218510315552
-8.114061678644521,128.326161689528
-8.068355190935696,129.11397231937215
-8.015285422538579,129.86904077135662
-7.962165984842302,130.63168458347855
-7.9211983848402525,131.3694292283234
-7.880014429057332,132.07603482961918
-7.84198074110508,132.75918096975107
-7.8071573543202035,133.42660450119644
-7.771347906596019,134.08603532217543
-7.745064238159268,134.6967976372957
-7.7107427126951364,135.29158748927338
-7.680179345153787,135.85803300408082
-7.652923108611427,136.4020080946348
-7.616311858817543,136.9376499466276
-7.577772775479847,137.45017146498878
-7.539231627034914,137.9451461072109
-7.505512082395431,138.4263949097364
-7.470899709483276,138.89809326055266
-7.437589933856394,139.36731119876876
-7.404178203200944,139.82644101589486
-7.3731203771470755,140.27511290489306
-7.338034721087965,140.72157857952973
-7.30946224940876,141.16584444642822
-7.278041646811935,141.5913747437866
-7.24527712639451,142.00873570079114
-7.211102502934789,142.4259070689078
-7.180108102607244,142.84795385062742
-7.147657217971053,143.26679016636876
-7.11588067163043,143.6872082081332
-7.086696989015729,144.10032783256034
-7.053269598569982,144.51467451329015
-7.024349731328237,144.92313297530927
-6.995758046242291,145.32585027161437
-6.957226289093698,145.71909988437807
-6.925902916822322,146.11372211677977
-6.89836560627967,146.49348116851667
-6.858813762305531,146.87195121207066
-6.827568311392768,147.24129441648878
-6.797477569683447,147.60467898318015
-6.7721649835640045,147.9632984303473
-6.731437710766392,148.30912143637843
-6.703600159985967,148.65367310427666
-6.672450777376514,148.98292319149272
-6.639745457614518,149.2978440659629
-6.614883405364024,149.6058658264333
-6.592333056599168,149.9093588050623
-6.574532713264994,150.18227979679952
-6.556423470455261,150.44039344613338
-6.541282025013094,150.69260703142564
-6.509952453634699,150.92373170432776
-6.4818658006388805,151.1345985912354
-6.454599521079475,151.32719267306388
-6.4386616305928195,151.49250604850232
-6.421055840902116,151.64453856108327
-6.404571381442243,151.78386909475165
-6.381410236113087,151.88789748054987
-6.349764196728682,151.97506907200165
-6.323523014296197,152.06070926588583
-6.302078476467969,152.15726429959489
-6.283241168861876,152.2447781456057
-6.263204384879645,152.32408649139546
-6.2394431833189,152.39155405274605
-6.2048931147005355,152.43628681962267
-6.17110028949817,152.48578668403923
-6.130479695919058,152.52606628970142
-6.088954211781135,152.56313695089386
-6.048610622011577,152.59867646693206
-6.016163711101342,152.6283321120351
-5.978905941248121,152.64336461291936
-5.942335641002267,152.64163988758244
-5.905681607752574,152.6378552966217
-5.865131530562983,152.62790135485085
-5.827142094618535,152.621107510802
-5.785470481926853,152.6036254521566
-5.739256104030658,152.58929023113123
-5.694196734153538,152.5712124303902
-5.6465281908583655,152.55327619249664
-5.599951843195527,152.54156544259158
-5.55388672614896,152.53053427877205
-5.509084893415092,152.5297957700438
-5.45404248664498,152.53547148540878
-5.399799714888033,152.54691420688684
-5.339764817462929,152.55886733121673
-5.290611824798935,152.59000415327228
-5.242753193060224,152.6360424335892
-5.193004012345993,152.68746892820076
-5.13555144861965,152.7382400171087
-5.08899851379663,152.8052243697985
-5.035901515636954,152.87138823615206
-4.9895346066582205,152.94672895998886
-4.943643905814979,153.02438293712507
-4.897538064592988,153.12027118700954
-4.851025950053202,153.21935745933635
-4.808124467348286,153.32014013042124
-4.760916033699238,153.42577949932755
-4.707155835662306,153.52405226989757
-4.657794090764368,153.62766812740233
-4.610614350319031,153.7393721509004
-4.561912801378508,153.84476962591108
-4.518690003670748,153.95303224861019
-4.467868689398908,154.05925006225075
-4.4205482604856625,154.16127056691536
-4.371133881320819,154.26471364147358
-4.318564884390575,154.37001867753284
-4.274592299901525,154.47130559714833
-4.230668206122174,154.57628650422652
-4.192912895911501,154.67434486265782
-4.141655568098822,154.77101968769793
-4.098101136292156,154.86838192285805
-4.052046261314921,154.96676609255422
-4.006596579533542,155.0745416268172
-3.96655651512441,155.17434390526736
-3.9204448041599225,155.2790785366862
-3.8749396710381423,155.38319035758462
-3.828235781648195,155.48508643796234
-3.7796007274361663,155.5825337802042
-3.7303582085275675,155.6859661075495
-3.6807930672329072,155.7899255918537
-3.6313461151848974,155.89603352351963
-3.5767057620176748,155.9881359665758
-3.5331406382377497,156.09881903555893
-3.492653996474128,156.206416198051
-3.4455565534757557,156.31735454315802
-3.3979452492528,156.42537199931067
-3.3466434715793825,156.54353548296115
-3.288141731614402,156.65463948540187
-3.232251244973727,156.77234443579198
-3.1812049825834703,156.88643017915342
-3.133915217829922,157.0066337822982
-3.0837151697845986,157.12704365468934
-3.031271550806633,157.23584182821764
-2.9854769402967696,157.34467007727545
-2.9414702386600817,157.4687872572059
-2.889947585831557,157.5996542480645
-2.835763219720306,157.72142288620248
-2.7764803676047967,157.8465192522992
-2.719242225208358,157.97474993346017
-2.662073327919439,158.10606964812135
-2.6022538767337386,158.22808652615868
-2.5471320157446256,158.35558256232466
-2.485690405338863,158.47348674859006
-2.4243130631272947,158.59075412678834
-2.3695296290804215,158.70938142889298
-2.308753994411519,158.82932891995864
-2.2370568200218717,158.93443318672877
-2.1823510402890207,159.0311397022669
-2.1224813569955803,159.12875016813314
-2.052490665877784,159.22521010732154
-1.9751957079535634,159.316055641156
-1.906064368630393,159.4042179922829
-1.8341877033088194,159.49659049062905
-1.7634644829281432,159.59329193178445
-1.7007306252603158,159.6810591177368
-1.6421877586131723,159.76179027779693
-1.573404697793012,159.84523309075976
-1.5099394907307087,159.92122955027838
-1.453346958048275,160.01782412385995
-1.3890111636240496,160.10159904895394
-1.3293775369716885,160.19101793906847
-1.264219856614768,160.27749843948678
-1.205240296868587,160.36587128037038
-1.138906061208282,160.4525997109989
-1.0799739270084971,160.53616435866323
-1.013036693668997,160.62050431617817
-0.9559105471508573,160.7006853484713
-0.8950029664516558,160.78636552328462
-0.8269469043656984,160.87576764901573
-0.7614218376079993,160.9613000359261
-0.705438571604748,161.0504251370235
-0.6480599930841682,161.13820536437152
-0.5879584654739924,161.22681565842976
-0.5135298730491191,161.3032693743783
-0.45152526693277695,161.38916435443807
-0.3939763220099229,161.46341756676193
-0.3348700973597444,161.54549903889853
-0.27380543497250814,161.62538330166748
-0.21443861435132658,161.71209797564248
-0.15435147892673473,161.80743169229666
-0.09278870173152327,161.89504999742616
-0.033125017712256344,161.98050459552795
0.02989324839898544,162.06295534414042
0.10295592801532717,162.15603326455906
0.174186843035621,162.242509243764
0.23957452878460012,162.3286097007421
0.30874812594649753,162.41118847136315
0.3659693229914019,162.49772555359658
0.417643686537548,162.5903831070372
0.47729852548102714,162.6634390395312
0.5338169464582823,162.75510254195436
0.5971335702771582,162.85425486255312
0.657413257724411,162.95290662795205
0.7259682803725968,163.05181545153454
0.8079915196346585,163.1293142214237
0.8948406213278381,163.22368542429547
0.9828738004681062,163.30427916678767
1.0566724120667836,163.40403990490935
1.1203850611440307,163.50380525267013
1.1929202566309782,163.59714875244836
1.2702193823201227,163.67964941056906
1.3462656394134642,163.76763810540308
1.4099862315451093,163.86118697111982
1.469740239799789,163.95611053638842
1.5286634824614238,164.04839773182627
1.6058319797781195,164.1358124819639
1.6851563046402152,164.23153300338436
1.7652762424442938,164.3309328484015
1.8391765723927245,164.43627207397674
1.9011094400940096,164.53402006732347
1.968249973663284,164.6368709443337
2.0347410547924083,164.73911834829084
2.101688336982452,164.84039394105417
2.170187610674879,164.94095521919132
2.2339321667888914,165.02876801403394
2.2976409765806944,165.11481050305107
2.370394906490391,165.1909978386914
2.4381729197002344,165.27115404821865
2.503399520777055,165.3568000194885
2.581419183444765,165.43880552855353
2.6557920365882923,165.52711550365512
2.7258726113541485,165.5955070340512
2.7973383274135983,165.67357256063465
2.866528542387245,165.7448131108988
2.9387244427484394,165.8183974190986
3.006187818580558,165.89644839601013
3.0842668528963983,165.96704427562167
3.1590488434053845,166.019588391216
3.2331807337258835,166.0912667174601
3.302765654452615,166.15153569274995
3.368512321050869,166.21780946222805
3.432829545846577,166.28696004686853
3.498996934259227,166.34825502907094
3.5626264812546067,166.41212480312592
3.635963867891047,166.4736079888344
3.716078116270789,166.528705671367
3.799599910309903,166.5896126063445
3.88343956825329,166.63704264988283
3.962602832348748,166.67634388711053
4.0394919746994296,166.72434596781207
4.113326710032428,166.76334041833587
4.186548481036678,166.80805728374932
4.266921139486765,166.84945217461717
4.340367873641674,166.88550815861905
4.407900254191391,166.9278761145143
4.478646905588929,166.97241075152695
4.545333217713254,167.0154501176789
4.612550333250963,167.05243969734386
4.678746095923101,167.0988673524471
4.746864834185957,167.13977528982835
4.806544933470586,167.178012824866
4.876484827092411,167.21401591856778
4.9373707031609495,167.25146523664384
4.997715968466292,167.29089151308094
5.071458882502724,167.30629810378045
5.136966271209537,167.33863100926524
5.205962192754736,167.36911636139732
5.273561629730814,167.39248041319865
5.340624759020046,167.41060079197493
5.400860169685065,167.43251485620434
5.4644797679838035,167.44619018471582
5.521611648247771,167.47368333463118
5.580267335556918,167.47640214296777
5.631771435808229,167.47854658206955
5.690212791397306,167.48119123751246
5.753887920257346,167.51876265473632
5.805460680992673,167.53947233303552
5.865775330446087,167.54434216084442
5.9386240226349996,167.55268621412628
6.006431904674447,167.55920202498214
6.067122930375018,167.581188328977
6.138898494436466,167.59770140697233
6.197592521325845,167.62197733476813
6.256236473699158,167.64116700691372
6.318470036137853,167.65344981459722
6.387802583140886,167.66880306291623
6.440691629331846,167.6949000871453
6.494133729868393,167.72014474055808
6.54879221290786,167.7309049670518
6.601188490426465,167.756194704029
6.668956750468579,167.78439826884545
6.713192787406792,167.81145982776297
6.758081115582705,167.8466213820475
6.806497670865447,167.86647984343202
6.848348609543719,167.90187962174875
6.890934526440643,167.93979430038033
6.929841090115639,167.98278775171053
6.970757044725295,168.02491673203534
7.009966289186878,168.07029347346418
7.045757708883461,168.11113497159297
7.077116630698799,168.14632632561336
7.1062958174231685,168.1887882880701
7.141718657088784,168.2407756887065
7.17511747723198,168.28666216109934
7.207380961522958,168.331919837523
7.2435992134607,168.38215217668457
7.271383132402289,168.4356225069
7.307137701358965,168.48466838426336
7.335392577543016,168.54879669474596
7.35835638130802,168.61204395868023
7.382320323660086,168.6725106499151
7.406276956452079,168.73420658222358
7.430767039215046,168.81555007143518
7.462199353101833,168.89902399128158
7.496708071387601,168.99601719825654
7.524496836084622,169.0949234955209
7.552023723849781,169.207783389175
7.571066412029545,169.3275399426583
7.591703385550661,169.45522977712807
7.608694015361302,169.59495403950152
7.626452855576014,169.7458143736569
7.651175947487379,169.90786225924248
7.681142900150909,170.08949226867114
7.720640980722398,170.29587250138246
7.762683069612612,170.50284738135673
7.811586335477699,170.72167463467875
7.850189693904697,170.9530252966539
7.881318819669695,171.20883729130597
7.914420428782681,171.49188911346232
7.943310706854711,171.79198870605106
7.9659130236781905,172.10093192338917
7.989140957189369,172.4386827013812
8.019772006677584,172.8118400356948
8.053997338034337,173.20992642473274
8.0848708736706,173.63136608224247
8.11741022579901,174.0695884660019
8.142973655157792,174.52950747355493
8.164031266760443,175.02609028929345
8.183182129920043,175.5303099658776
8.205411936490345,176.0713778239491
8.229714436969456,176.63278260844808
8.254571811220657,177.22859094081863
8.280119476405806,177.84606230764263
8.29140434839058,178.4640162919756
8.307062750560856,179.110425574292
8.321715802710209,179.76785037606925
8.340114770998817,180.4641360009567
8.35027703571475,181.16423214021836
8.361271372276853,181.88991613419975
8.37287371202912,182.62215082017292
8.381689965364899,183.35530287835007
8.38721171441174,184.09354913715498
8.396885905264238,184.8515401533822
8.399046766094974,185.6249730598894
8.407358809679085,186.4206614978854
8.41515456906647,187.22290160615267
8.430535702604214,188.03595814452856
8.446496037128515,188.85847935196605
8.457866295370561,189.6750675724452
8.458534307206468,190.50055924207314
8.457004158945882,191.30888427656726
8.458337102945091,192.11766515179903
8.455569939228644,192.92946467499888
8.461039804954265,193.74615132022373
8.467230936181144,194.57638927750565
8.471922608197264,195.4180688876017
8.471056491350991,196.25775972590264
8.472500263810057,197.0932660433162
8.469500317841005,197.91875391854973
8.466772647167115,198.75478061222265
8.47087330856906,199.58585687851732
8.47000006831487,200.4108146528768
8.46316855687281,201.23264774377552
8.458170712200989,202.05997437901436
8.451578656889662,202.87700563791336
8.448301915711285,203.69576511585572
8.44474116861007,204.49591741060905
8.443980309810375,205.29396661335983
8.448542813907135,206.08886014560755
8.449388203909354,206.880953160022
8.439853466298796,207.64213991434673
8.437629416471813,208.4074849220771
8.430513648474998,209.15711953943688
8.419211452167813,209.87654901697118
8.412364473069642,210.58436720734875
8.407048306838846,211.27643323572295
8.40601144116604,211.95351819554006
8.399065501799043,212.61180614167301
8.379424664534561,213.21654401650858
8.370072508756579,213.82747073861015
8.362383117339585,214.4347654392774
8.358246348420034,215.01811606964742
8.356788432744391,215.5672149696481
8.354631030426988,216.09926722239757
8.354504757161113,216.61193811862879
8.354749175858938,217.10206607800697
8.356605524096413,217.5808595038195
8.359206858288461,218.03895836869023
8.357039605638976,218.49033583315855
8.3556568741424,218.9441617149079
8.3548657506398,219.39438083618396
8.356215778070027,219.84291819076023
8.353651742334442,220.29472721114854
8.349500542801895,220.73303059645139
8.346189508898016,221.1657510681835
8.3452172669821,221.595927642937
8.350187086526477,222.0178787581868
8.352692183728996,222.43922294070663
8.368289245137964,222.89951422752725
8.377887922630126,223.33861900531193
8.37537393548676,223.74190903138606
8.368274267979046,224.13864228319483
8.354270165615475,224.51961025317684
8.33961324352127,224.8864238268709
8.324513700006126,225.24855840548096
8.312071677246562,225.59130259053637
8.303455668921313,225.93778637294113
8.297837394453175,226.28997882814508
8.292519500952514,226.6399075652084
8.297480882982864,226.97587208099873
8.292089243792649,227.29689103767643
8.269668871428973,227.6020802736696
8.244816989791907,227.90939635887125
8.228260310636534,228.2210260558074
8.217314232492173,228.52586316265945
